IMEXMRI3a
--------------------------------------------------------------------------------
c
--------------------------------------------------------------------------------
0
0.4358665215084589994160194511935568425
0.4358665215084589994160194511935568425
0.7179332607542294997080097255967784213
0.7179332607542294997080097255967784213
1.
1.
1.
1.

--------------------------------------------------------------------------------
G0
--------------------------------------------------------------------------------
0	0	0	0	0	0	0	0	0
0.4358665215084589994160194511935568425	0	0	0	0	0	0	0	0
-0.4358665215084589994160194511935568425	0	0.4358665215084589994160194511935568425	0	0	0	0	0	0
-0.4103336962288525014599513720161078937	0	0.6924004354746230017519416464193294724	0	0	0	0	0	0
0.4103336962288525014599513720161078937	0	-0.8462002177373115008759708232096647362	0	0.4358665215084589994160194511935568425	0	0	0	0
0.4358665215084589994160194511935568425	0	0.9264299099302395700444874096601015328	0	-1.080229692192928069168516586450436797	0	0	0	0
-0.4358665215084589994160194511935568425	0	0	0	0	0	0.4358665215084589994160194511935568425	0	0
0	0	0	0	0	0	0	0	0
0	0	0	0	0	0	0	0	0

--------------------------------------------------------------------------------
W0
--------------------------------------------------------------------------------
0	0	0	0	0	0	0	0	0
0.4358665215084589994160194511935568425	0	0	0	0	0	0	0	0
0	0	0	0	0	0	0	0	0
-0.5688715801234400928465032925317932021	0	0.8509383193692105931384935669350147809	0	0	0	0	0	0
0.454283944643608855878770886900124654	0	-0.454283944643608855878770886900124654	0	0	0	0	0	0
-0.4271371821005074011706645050390732474	0	0.1562747733103380821014660497037023496	0	0.5529291480359398193611887297385924765	0	0	0	0
0	0	0	0	0	0	0	0	0
0.105858296071879638722377459477184953	0	0.655567501140070250975288954324730635	0	-1.197292318720408889113685864995472431	0	0.4358665215084589994160194511935568425	0	0
0	0	0	0	0	0	0	0	0
--------------------------------------------------------------------------------
--------------------------------------------------------------------------------



--------------------------------------------------------------------------------
IMEXMRI3b
--------------------------------------------------------------------------------
G0
--------------------------------------------------------------------------------
0	0	0	0	0	0	0	0	0
0.4358665215084589994160194511935568425	0	0	0	0	0	0	0	0
-0.4358665215084589994160194511935568425	0	0.4358665215084589994160194511935568425	0	0	0	0	0	0
0.0414273753564414837153799230278275639	0	0.2406393638893290165766103513753940148	0	0	0	0	0	0
-0.0414273753564414837153799230278275639	0	-0.3944391461520175157006395281657292786	0	0.4358665215084589994160194511935568425	0	0	0	0
0.1123373143006047802633543416889605123	0	1.051807513648115027700693049638099167	0	-0.8820780887029493076720571169238381009	0	0	0	0
-0.1123373143006047802633543416889605123	0	-0.1253776037178754576562056399779976346	0	-0.1981516034899787614964594695265986957	0	0.4358665215084589994160194511935568425	0	0
0	0	0	0	0	0	0	0	0
0	0	0	0	0	0	0	0	0
--------------------------------------------------------------------------------
W0
--------------------------------------------------------------------------------
0	0	0	0	0	0	0	0	0
0.4358665215084589994160194511935568425	0	0	0	0	0	0	0	0
0	0	0	0	0	0	0	0	0
-0.1750145285570467590610670000018749059	0	0.4570812678028172593530572744050964846	0	0	0	0	0	0
0.06042689307721552209333459437020635774	0	-0.06042689307721552209333459437020635774	0	0	0	0	0	0
0.1195213959425454440038786034027936869	0	-1.84372522668966191789853395029629765	0	2.006270569992886974186645621296725542	0	0	0	0
-0.5466585780430528451745431084418669343	0	2.	0	-1.453341421956947154825456891558133066	0	0	0	0
0.105858296071879638722377459477184953	0	0.655567501140070250975288954324730635	0	-1.197292318720408889113685864995472431	0	0.4358665215084589994160194511935568425	0	0
0	0	0	0	0	0	0	0	0


--------------------------------------------------------------------------------
IMEXMRI4
--------------------------------------------------------------------------------
c
--------------------------------------------------------------------------------
0
0.5
0.5
0.625
0.625
0.75
0.75
0.875
0.875
1.0
1.0
1.0
1.0
--------------------------------------------------------------------------------
G0
--------------------------------------------------------------------------------
0	0	0	0	0	0	0	0	0	0	0	0	0
0.5	0	0	0	0	0	0	0	0	0	0	0	0
-0.25	0	0.25	0	0	0	0	0	0	0	0	0	0
-3.977281248108488183067033851462278892	0	4.102281248108488183067033851462278892	0	0	0	0	0	0	0	0	0	0
-0.06905388741401691232724147084809374064	0	-0.1809461125859830876727585291519062594	0	0.25	0	0	0	0	0	0	0	0
-1.761767663757920528863378964822412405	0	2.694524698377298610155338150791461384	0	-0.8077570346193780812919591859690489783	0	0	0	0	0	0	0	0
0.5558721791553969487305081009588084962	0	-0.6799140501579995013958501527883486949	0	-0.1259581289973974473346579481704598013	0	0.25	0	0	0	0	0	0
-5.840176028724955954446426657541065113	0	8.174456684291915089191270805710716374	0	0.1259581289973974473346579481704598013	0	-2.335238784564356582079502096340111063	0	0	0	0	0	0
-1.906792645167811808094759305036052304	0	-1.547057811385123933632984579249388443	0	4.129888013149350305954491738020313225	0	-0.9260375565964145642267478537348724775	0	0.25	0	0	0	0
3.337028151688726054557652782529662519	0	1.547057811385123933632984579249388443	0	-4.129888013149350305954491738020313225	0	0.9260375565964145642267478537348724775	0	-1.555235506520914246462893477493610215	0	0	0	0
-0.8212936292210076187205241123124467518	0	0.328610356068599988551677264268969646	0	0.6780018121020266941426412324211395162	0	-0.3427792878628000228966454714620607079	0	-0.0925392510868190410771489129156017025	0	0.25	0	0
0	0	0	0	0	0	0	0	0	0	0	0	0
0	0	0	0	0	0	0	0	0	0	0	0	0
--------------------------------------------------------------------------------
G1
--------------------------------------------------------------------------------
0	0	0	0	0	0	0	0	0	0	0	0	0
0	0	0	0	0	0	0	0	0	0	0	0	0
0	0	0	0	0	0	0	0	0	0	0	0	0
8.704562496216976366134067702924557783	0	-8.704562496216976366134067702924557783	0	0	0	0	0	0	0	0	0	0
0	0	0	0	0	0	0	0	0	0	0	0	0
3.911643102343874882381240871341012292	0	-5.027157171582631044965159243279110249	0	1.115514069238756162583918371938097957	0	0	0	0	0	0	0	0
0	0	0	0	0	0	0	0	0	0	0	0	0
10.81860769913911801143183711316451323	0	-14.98908526826783117559084130584473536	0	0	0	4.170477569128713164159004192680222125	0	0	0	0	0	0
0	0	0	0	0	0	0	0	0	0	0	0	0
-2.61047101304182849292578695498722043	0	0	0	0	0	0	0	2.61047101304182849292578695498722043	0	0	0	0
0	0	0	0	0	0	0	0	0	0	0	0	0
0	0	0	0	0	0	0	0	0	0	0	0	0
0	0	0	0	0	0	0	0	0	0	0	0	0
--------------------------------------------------------------------------------
W0
--------------------------------------------------------------------------------
0	0	0	0	0	0	0	0	0	0	0	0	0
0.5	0	0	0	0	0	0	0	0	0	0	0	0
0	0	0	0	0	0	0	0	0	0	0	0	0
-1.91716534363662868878172216064946905	0	2.04216534363662868878172216064946905	0	0	0	0	0	0	0	0	0	0
-0.4047510318011059426979159070469904691	0	0.4047510318011059426979159070469904691	0	0	0	0	0	0	0	0	0	0
11.45146602249221636665698028602631728	0	-30.21075747526504271440647815573950607	0	18.88429145277282634774949786971318879	0	0	0	0	0	0	0	0
-0.7090335647602614506847116729463301439	0	1.03030720858751876652616190884004718	0	-0.3212736438272573158414502358937170357	0	0	0	0	0	0	0	0
-29.99548716455828439840910684944199275	0	37.60598277499180180536489685624385701	0	0.3212736438272573158414502358937170357	0	-7.806769254260774722797240242695581295	0	0	0	0	0	0
3.104665054272962116338769391849124223	0	-2.430325019757162297132065927415566359	0	-1.905479301151524635219201659483842131	0	1.231139266635724816012498195050284266	0	0	0	0	0	0
-2.424429547752047869875875914355514008	0	2.430325019757162297132065927415566359	0	1.905479301151524635219201659483842131	0	-1.231139266635724816012498195050284266	0	-0.555235506520914246462893477493610215	0	0	0	0
-0.01044135044479748590294518945165354204	0	0.07260303614655074505152104505488141613	0	-0.1288275951677260952239454098576424313	0	0.1129355350093823566139440107122154084	0	-0.04626962554340952053857445645780085125	0	0	0	0
-0.8108522787762101328175789228607932098	0	0.2560073199220492435001562192140882299	0	0.8068294072697527893665866422787819475	0	-0.4557148228721823795105894821742761164	0	-0.04626962554340952053857445645780085125	0	0.25	0	0
0	0	0	0	0	0	0	0	0	0	0	0	0
--------------------------------------------------------------------------------
W1
--------------------------------------------------------------------------------
0	0	0	0	0	0	0	0	0	0	0	0	0
0	0	0	0	0	0	0	0	0	0	0	0	0
0	0	0	0	0	0	0	0	0	0	0	0	0
4.084330687273257377563444321298938099	0	-4.084330687273257377563444321298938099	0	0	0	0	0	0	0	0	0	0
0	0	0	0	0	0	0	0	0	0	0	0	0
-21.84342998138222084791812875795865363	0	59.61201288692787354341712449738503121	0	-37.76858290554565269549899573942637758	0	0	0	0	0	0	0	0
0	0	0	0	0	0	0	0	0	0	0	0	0
61.65904145863709169818763704477664579	0	-77.27257996715864114378211753016780838	0	0	0	15.61353850852154944559448048539116259	0	0	0	0	0	0
0	0	0	0	0	0	0	0	0	0	0	0	0
-1.11047101304182849292578695498722043	0	0	0	0	0	0	0	1.11047101304182849292578695498722043	0	0	0	0
0	0	0	0	0	0	0	0	0	0	0	0	0
0	0	0	0	0	0	0	0	0	0	0	0	0
0	0	0	0	0	0	0	0	0	0	0	0	0
--------------------------------------------------------------------------------
